-0.0008146479,0.1213296279,0.4070000052,0
-0.0008146479,0.1213296279,0.4070000052,1
-0.0008146479,0.1213296279,0.4070000052,0
-0.0008146479,0.1213296279,0.4070000052,0
-0.0008146479,0.1213296279,0.4070000052,0
-0.0008146479,0.1213296279,0.4070000052,0
-0.0008146479,0.1213296279,0.4070000052,0
-0.0008146479,0.1213296279,0.4070000052,0
-0.0008146479,0.1213296279,0.4070000052,0
-0.0008146479,0.1213296279,0.4070000052,0
-0.0008355901,0.1213293597,0.4070000052,1
-0.0068124416,0.1212483868,0.4070000052,0
-0.0407939479,0.1208721772,0.4070000052,0
-0.0986161977,0.1200695559,0.4070000052,0
-0.1600155234,0.1188652962,0.4070000052,0
-0.1972616762,0.1180855855,0.4070000052,0
-0.1702256054,0.1158579364,0.4070000052,0
-0.1487419605,0.0950051397,0.4070000052,0
-0.1152282879,0.0685709342,0.4070000052,0
-0.0703009963,0.0114042079,0.4070000052,0
0.0089608692,-0.0660121515,0.4070000052,0
0.0264305454,-0.158010751,0.4070000052,0
0.0382115915,-0.2441315353,0.4070000052,1
0.0488673188,-0.333296895,0.4070000052,1
0.0583293624,-0.425370723,0.4070000052,0
0.0664034709,-0.5241710544,0.4070000052,1
0.0721521601,-0.6165932417,0.4070000052,3
0.0793965012,-0.6972298622,0.4070000052,0
0.0894337595,-0.7569189668,0.4070000052,1
0.0244213976,-0.6551628113,0.4070000052,0
0.0366698839,-0.7083446383,0.4070000052,0
0.0512622409,-0.7693529129,0.4070000052,3
0.0640593246,-0.8177977204,0.4070000052,1
0.0907937288,-0.8627330661,0.4070000052,2
0.1327679455,-0.9268178344,0.4070000052,1
0.1453492939,-0.9448518753,0.4070000052,0
0.1890404671,-1.0048650503,0.4070000052,1
0.1914358139,-1.0079288483,0.4070000052,1
0.2039998323,-1.021723032,0.4070000052,1
0.1497554034,-0.8713043332,0.4070000052,0
0.2205034047,-0.9221926928,0.4070000052,1
0.2989503443,-0.9725469351,0.4070000052,2
0.3733849823,-1.0123871565,0.4070000052,0
0.3678486943,-1.0139534473,0.4070000052,1
0.1825837642,-0.8624303937,0.4070000052,0
0.2383264601,-0.8464112878,0.4070000052,0
0.3387405872,-0.7979527712,0.4070000052,1
0.4615235925,-0.7605788708,0.4070000052,1
0.4841841757,-0.7641134858,0.4070000052,0
0.4841841757,-0.7641134858,0.4070000052,1
0.4841841757,-0.7641134858,0.4070000052,3
0.4841841757,-0.7641134858,0.4070000052,1
0.4841841757,-0.7641134858,0.4070000052,0
0.4841841757,-0.7641134858,0.4070000052,0
0.4841841757,-0.7641134858,0.4070000052,2
0.4843371212,-0.7641095519,0.4070000052,0
0.5267643929,-0.7631701827,0.4070000052,1
0.5698572397,-0.7504161,0.4070000052,1
0.6596179008,-0.7391305566,0.4070000052,0
0.7245016694,-0.7374696732,0.4070000052,2
0.7947099805,-0.7340934873,0.4070000052,1
0.8692154288,-0.7306235433,0.4070000052,0
0.9361559153,-0.7294780612,0.4070000052,2
1.0130484104,-0.7282311916,0.4070000052,0
1.123562336,-0.7216745615,0.4070000052,0
1.2221975327,-0.7147660255,0.4070000052,2
1.3408191204,-0.7018458843,0.4070000052,0
1.4510705471,-0.6903427243,0.4070000052,1
1.5667340755,-0.6782960296,0.4070000052,2
1.6824110746,-0.6667693257,0.4070000052,1
1.7560350895,-0.6039040089,0.4070000052,1
1.8752799034,-0.5921189189,0.4070000052,1
1.9925093651,-0.5805444717,0.4070000052,0
2.1069920063,-0.5686883926,0.4070000052,1
2.2231545448,-0.5563828945,0.4070000052,0
2.341244936,-0.5443347692,0.4070000052,2
2.460916996,-0.5324382782,0.4070000052,0
2.5798873901,-0.5202435255,0.4070000052,1
2.6718943119,-0.4918237031,0.4070000052,0
2.790967226,-0.4796447754,0.4070000052,1
2.9098045826,-0.4676760435,0.4070000052,1
3.0274307728,-0.4557550848,0.4070000052,0
3.1451425552,-0.4436602592,0.4070000052,1
3.2598536015,-0.4320468009,0.4070000052,0
3.3592147827,-0.4217722714,0.4070000052,2
3.4436349869,-0.4132837355,0.4070000052,0
3.5262310505,-0.4050464928,0.4070000052,0
3.6109464169,-0.3971318007,0.4070000052,1
3.6858670712,-0.3589333594,0.4070000052,0
3.7717134953,-0.3554111719,0.4070000052,0
3.8600285053,-0.3522284925,0.4070000052,0
3.9470908642,-0.3492541313,0.4070000052,1
4.0333719254,-0.3467548788,0.4070000052,0
4.1677808762,-0.3764546216,0.4070000052,1
4.2687187195,-0.4799863994,0.4070000052,1
4.2803707123,-0.6247212291,0.4070000052,0
4.2589607239,-0.7017068267,0.4070000052,0
4.2607812881,-0.7435643673,0.4070000052,0
4.2556610107,-0.7982970476,0.4070000052,1
4.2506756783,-0.8586979508,0.4070000052,1
4.2459249496,-0.9213856459,0.4070000052,1
4.2437772751,-0.9515363574,0.4070000052,2
4.2431497574,-0.9603830576,0.4070000052,2
4.242389679,-0.9712798595,0.4070000052,0
4.242389679,-0.9712798595,0.4070000052,1
4.242389679,-0.9712798595,0.4070000052,0
4.242389679,-0.9712798595,0.4070000052,0
4.242389679,-0.9712798595,0.4070000052,0
4.242389679,-0.9712798595,0.4070000052,1
4.242389679,-0.9712798595,0.4070000052,0
4.242389679,-0.9712798595,0.4070000052,0
4.242389679,-0.9712798595,0.4070000052,3
4.242389679,-0.9712798595,0.4070000052,0
4.242389679,-0.9712798595,0.4070000052,0
4.242389679,-0.9712798595,0.4070000052,0
4.242389679,-0.9712798595,0.4070000052,0
4.242389679,-0.9712798595,0.4070000052,1
4.2422876358,-0.9727659822,0.4070000052,0
4.2405982018,-0.9977300167,0.4070000052,1
4.2374372482,-1.0438081026,0.4070000052,1
4.2336583138,-1.0991826057,0.4070000052,0
4.2299351692,-1.1560198069,0.4070000052,1
4.2261276245,-1.216475606,0.4070000052,0
4.2223167419,-1.2796587944,0.4070000052,1
4.218562603,-1.3450675011,0.4070000052,1
4.214550972,-1.4121671915,0.4070000052,1
4.2103509903,-1.4818996191,0.4070000052,0
4.2062883377,-1.5520473719,0.4070000052,0
4.2023272514,-1.6230863333,0.4070000052,1
4.205072403,-1.6828994751,0.4070000052,1
4.2380008698,-1.6959935427,0.4070000052,0
4.2327494621,-1.7698870897,0.4070000052,1
4.2315707207,-1.7862797976,0.4070000052,0
4.2315707207,-1.7862797976,0.4070000052,3
4.2315707207,-1.7862797976,0.4070000052,2
4.2315707207,-1.7862797976,0.4070000052,5
4.2315707207,-1.7862797976,0.4070000052,1
4.2315707207,-1.7862797976,0.4070000052,1
4.2315707207,-1.7862797976,0.4070000052,3
4.2315707207,-1.7862797976,0.4070000052,1
4.2315707207,-1.7862797976,0.4070000052,1
4.2315707207,-1.7862797976,0.4070000052,4
4.2313342094,-1.7895456553,0.4070000052,0
4.2290735245,-1.8209112883,0.4070000052,1
4.2263245583,-1.8590836525,0.4070000052,0
4.2242336273,-1.8867555857,0.4070000052,2
4.2214984894,-1.9223387241,0.4070000052,2
4.2182335854,-1.9642119408,0.4070000052,0
4.2148413658,-2.0070266724,0.4070000052,1
4.212225914,-2.0399048328,0.4070000052,2
4.2092700005,-2.0764389038,0.4070000052,1
4.2063879967,-2.1105659008,0.4070000052,1
4.2030816078,-2.147125721,0.4070000052,4
4.1993293762,-2.1880466938,0.4070000052,1
4.1955375671,-2.2289469242,0.4070000052,2
4.19150877,-2.2704157829,0.4070000052,0
4.1876120567,-2.3121094704,0.4070000052,1
4.1835093498,-2.3570902348,0.4070000052,1
4.1775097847,-2.4101600647,0.4070000052,2
4.1579580307,-2.473212719,0.4070000052,1
4.1362662315,-2.5190837383,0.4070000052,2
4.1098780632,-2.5665285587,0.4070000052,3
4.1742954254,-2.6565096378,0.4070000052,3
4.1497292519,-2.7005214691,0.4070000052,2
4.0742087364,-2.7821555138,0.4070000052,5
4.0260076523,-2.8076305389,0.4070000052,1
3.9815237522,-2.8122348785,0.4070000052,0
3.9514625072,-2.8231201172,0.4070000052,3
3.9207978249,-2.8331649303,0.4070000052,1
3.8743920326,-2.8430747986,0.4070000052,3
3.8617062569,-2.8443074226,0.4070000052,3
3.8860187531,-2.8507478237,0.4070000052,4
3.8828983307,-2.8513224125,0.4070000052,7
3.8828983307,-2.8513224125,0.4070000052,3
3.8828983307,-2.8513224125,0.4070000052,3
3.8828983307,-2.8513224125,0.4070000052,1
3.8828983307,-2.8513224125,0.4070000052,2
3.8828983307,-2.8513224125,0.4070000052,4
3.8828983307,-2.8513224125,0.4070000052,3
3.8828983307,-2.8513224125,0.4070000052,2
3.8828983307,-2.8513224125,0.4070000052,3
3.8828983307,-2.8513224125,0.4070000052,8
3.8828983307,-2.8513224125,0.4070000052,5
3.8828983307,-2.8513224125,0.4070000052,5
3.8828983307,-2.8513224125,0.4070000052,5
3.8828983307,-2.8513224125,0.4070000052,4
3.8828983307,-2.8513224125,0.4070000052,3
3.8828983307,-2.8513224125,0.4070000052,3
3.8828983307,-2.8513224125,0.4070000052,1
3.8828983307,-2.8513224125,0.4070000052,2
3.8828983307,-2.8513224125,0.4070000052,3
3.8828983307,-2.8513224125,0.4070000052,2
3.8787455559,-2.8521518707,0.4070000052,2
3.8499433994,-2.8579661846,0.4070000052,3
3.8445775509,-2.8589904308,0.4070000052,3
3.8336875439,-2.8608675003,0.4070000052,2
3.8023285866,-2.8653624058,0.4070000052,3
3.7600469589,-2.8684549332,0.4070000052,4
3.7145671844,-2.8698358536,0.4070000052,1
3.7137348652,-2.8698577881,0.4070000052,4
3.7257089615,-2.8694212437,0.4070000052,2
3.8014011383,-2.8652467728,0.4070000052,0
3.8812425137,-2.8605084419,0.4070000052,3
3.8877222538,-2.859975338,0.4070000052,4
3.8799445629,-2.8644690514,0.4070000052,4
3.8430204391,-2.8883121014,0.4070000052,0
3.7946739197,-2.9016211033,0.4070000052,1
3.7427947521,-2.913916111,0.4070000052,5
3.6984298229,-2.9195156097,0.4070000052,10
3.6899733543,-2.9204370975,0.4070000052,6
3.6614985466,-2.9236614704,0.4070000052,4
3.6353125572,-2.9278082848,0.4070000052,5
3.5918552876,-2.9343998432,0.4070000052,5
3.5445792675,-2.9412844181,0.4070000052,5
3.4971759319,-2.9482629299,0.4070000052,3
3.4490749836,-2.954675436,0.4070000052,7
3.3994197845,-2.960596323,0.4070000052,15
3.3493521214,-2.9666378498,0.4070000052,10
3.3028149605,-2.9724137783,0.4070000052,17
3.2642281055,-2.97742486,0.4070000052,14
3.218777895,-2.9837062359,0.4070000052,18
3.1715321541,-2.9902946949,0.4070000052,12
3.1249313354,-2.996942997,0.4070000052,10
3.2274577618,-3.0124466419,0.4070000052,17
3.1843411922,-3.0201015472,0.4070000052,19
3.1388907433,-3.0283901691,0.4070000052,13
3.0962409973,-3.0363264084,0.4070000052,21
3.0557761192,-3.0440058708,0.4070000052,18
3.0152952671,-3.0518984795,0.4070000052,7
2.9764182568,-3.0595736504,0.4070000052,12
2.9383444786,-3.0671460629,0.4070000052,14
2.8988804817,-3.0752282143,0.4070000052,11
2.8624017239,-3.0829515457,0.4070000052,6
2.8272061348,-3.0905122757,0.4070000052,11
2.7893633842,-3.0988545418,0.4070000052,6
2.7524397373,-3.1071372032,0.4070000052,11
2.7151167393,-3.1149699688,0.4070000052,7
2.6847028732,-3.1200740337,0.4070000052,4
2.6539592743,-3.1247398853,0.4070000052,7
2.6208276749,-3.1288967133,0.4070000052,4
2.5766963959,-3.1316282749,0.4070000052,11
2.4896316528,-3.1149888039,0.4070000052,4
2.4367520809,-3.160421133,0.4070000052,3
2.3985610008,-3.1348261833,0.4070000052,2
2.3661029339,-3.1066217422,0.4070000052,8
2.3439733982,-3.0620627403,0.4070000052,5
2.3223357201,-3.0383279324,0.4070000052,4
2.3282139301,-3.0430133343,0.4070000052,2
2.3208639622,-3.037913084,0.4070000052,1
2.3095550537,-3.0301375389,0.4070000052,4
2.2920024395,-3.0181581974,0.4070000052,5
2.2726860046,-3.005181551,0.4070000052,4
2.2535693645,-2.9924743176,0.4070000052,7
2.2333853245,-2.9791851044,0.4070000052,3
2.2013032436,-2.9583878517,0.4070000052,4
2.1574454308,-2.9305653572,0.4070000052,3
2.1048417091,-2.8944580555,0.4070000052,4
2.1459929943,-2.8868091106,0.4070000052,2
2.0974330902,-2.8484127522,0.4070000052,0
2.0578629971,-2.8143899441,0.4070000052,3
2.01435256,-2.7749865055,0.4070000052,2
1.9629989862,-2.7049181461,0.4070000052,2
1.9388645887,-2.6284396648,0.4070000052,1
1.9134310484,-2.6154878139,0.4070000052,0
1.9158724546,-2.6185359955,0.4070000052,2
1.9188953638,-2.6017198563,0.4070000052,3
1.9123470783,-2.6425011158,0.4070000052,1
1.9224399328,-2.6175870895,0.4070000052,3
1.9768514633,-2.5960264206,0.4070000052,1
1.9737107754,-2.5572376251,0.4070000052,2
1.9322961569,-2.5138955116,0.4070000052,5
1.8533830643,-2.5017092228,0.4070000052,0
1.8552489281,-2.5029006004,0.4070000052,1
1.9840003252,-2.509652853,0.4070000052,5
2.0172576904,-2.530564785,0.4070000052,0
2.0567746162,-2.555352211,0.4070000052,3
2.1035821438,-2.5860731602,0.4070000052,2
2.1514697075,-2.6203267574,0.4070000052,2
2.1968364716,-2.6537456512,0.4070000052,1
2.2413654327,-2.6877727509,0.4070000052,4
2.2882041931,-2.7240054607,0.4070000052,1
2.3337330818,-2.7604708672,0.4070000052,6
2.3625798225,-2.7825772762,0.4070000052,6
2.4004073143,-2.8061237335,0.4070000052,8
2.4403581619,-2.8290584087,0.4070000052,6
2.4630477428,-2.8401443958,0.4070000052,7
2.4994704723,-2.8523328304,0.4070000052,7
2.3413388729,-2.8266220093,0.4070000052,14
2.3875396252,-2.8359391689,0.4070000052,11
2.424924612,-2.8447852135,0.4070000052,8
2.4678578377,-2.8554558754,0.4070000052,12
2.5151057243,-2.8677821159,0.4070000052,13
2.5653831959,-2.8815069199,0.4070000052,23
2.6082866192,-2.893419981,0.4070000052,25
2.6385416985,-2.9008145332,0.4070000052,16
2.6755816936,-2.9071147442,0.4070000052,27
2.6876339912,-2.9089848995,0.4070000052,23
2.6876392365,-2.9089858532,0.4070000052,25
2.7135159969,-2.912842989,0.4070000052,16
2.7519459724,-2.9186043739,0.4070000052,19
2.7812161446,-2.9230418205,0.4070000052,14
2.8201766014,-2.9290709496,0.4070000052,13
2.8600456715,-2.9353737831,0.4070000052,22
2.9020349979,-2.9418308735,0.4070000052,15
2.9403014183,-2.9476788044,0.4070000052,25
2.9798002243,-2.9522953033,0.4070000052,38
3.0224010944,-2.9567241669,0.4070000052,25
3.063451767,-2.9605088234,0.4070000052,18
3.078754425,-2.9586157799,0.4070000052,21
3.1459891796,-2.9030542374,0.4070000052,21
3.1881012917,-2.8921844959,0.4070000052,20
3.2351989746,-2.8783006668,0.4070000052,15
3.2856051922,-2.8621435165,0.4070000052,25
3.3381969929,-2.8445084095,0.4070000052,11
3.3841075897,-2.8285970688,0.4070000052,15
3.4322183132,-2.8110735416,0.4070000052,13
3.4699552059,-2.7965557575,0.4070000052,8
3.5207941532,-2.77354002,0.4070000052,9
3.5609030724,-2.7438716888,0.4070000052,3
3.6001479626,-2.7258446217,0.4070000052,4
3.6219041348,-2.7090291977,0.4070000052,10
3.6579244137,-2.6785678864,0.4070000052,4
3.690151453,-2.6479036808,0.4070000052,8
3.7209172249,-2.616289854,0.4070000052,2
3.7540271282,-2.5804321766,0.4070000052,1
3.7826991081,-2.5471467972,0.4070000052,3
3.8127338886,-2.5098047256,0.4070000052,4
3.8074409962,-2.5206718445,0.4070000052,2
3.8361318111,-2.4808328152,0.4070000052,2
3.8655583858,-2.4377372265,0.4070000052,2
3.8898406029,-2.3994681835,0.4070000052,2
3.9121818542,-2.3569061756,0.4070000052,1
3.9368770123,-2.3047859669,0.4070000052,0
3.960562706,-2.2517385483,0.4070000052,1
3.981947422,-2.2011733055,0.4070000052,2
4.0027561188,-2.1486046314,0.4070000052,1
4.0221419334,-2.0966701508,0.4070000052,0
4.0396819115,-2.047036171,0.4070000052,4
4.0562186241,-1.9977865219,0.4070000052,3
4.0645036697,-1.9608303308,0.4070000052,2
4.0719504356,-1.9171067476,0.4070000052,2
4.0435509682,-1.8606483936,0.4070000052,1
4.0435509682,-1.8606483936,0.4070000052,0
4.0435509682,-1.8606483936,0.4070000052,2
4.0435509682,-1.8606483936,0.4070000052,1
4.0435509682,-1.8606483936,0.4070000052,2
4.0435509682,-1.8606483936,0.4070000052,3
4.0435509682,-1.8606483936,0.4070000052,0
4.0435509682,-1.8606483936,0.4070000052,2
4.0435509682,-1.8606483936,0.4070000052,1
4.0435509682,-1.8606483936,0.4070000052,1
4.0435509682,-1.8606483936,0.4070000052,1
4.0435509682,-1.8606483936,0.4070000052,0
4.0435509682,-1.8606483936,0.4070000052,2
4.0435509682,-1.8606483936,0.4070000052,2
4.0435509682,-1.8606483936,0.4070000052,3
4.0435509682,-1.8606483936,0.4070000052,0
4.0435509682,-1.8606483936,0.4070000052,1
4.0435509682,-1.8606483936,0.4070000052,0
4.0435509682,-1.8606483936,0.4070000052,1
4.0435509682,-1.8606483936,0.4070000052,1
4.0439052582,-1.8580440283,0.4070000052,1
4.0494651794,-1.8169461489,0.4070000052,1
4.0578641891,-1.754437089,0.4070000052,1
4.0672273636,-1.6863558292,0.4070000052,0
4.0778813362,-1.6124932766,0.4070000052,3
4.0886583328,-1.5383964777,0.4070000052,0
4.1005711555,-1.4597041607,0.4070000052,0
4.1133027077,-1.3779512644,0.4070000052,0
4.1270594597,-1.2939540148,0.4070000052,1
4.1409029961,-1.2111264467,0.4070000052,0
4.155913353,-1.1258358955,0.4070000052,0
4.1719036102,-1.0378364325,0.4070000052,1
4.1885251999,-0.9476202726,0.4070000052,1
4.2041358948,-0.8627786636,0.4070000052,2
4.2201323509,-0.7991873026,0.4070000052,0
4.2487149239,-0.6907926202,0.4070000052,1
4.2817974091,-0.598453939,0.4070000052,1
4.3155064583,-0.5071188807,0.4070000052,1
4.335319519,-0.4542421103,0.4070000052,0
4.3380217552,-0.4787293375,0.4070000052,1
4.3338155746,-0.5351863503,0.4070000052,0
4.3672790527,-0.5486522317,0.4070000052,1
4.3741569519,-0.5472828746,0.4070000052,0
4.3797907829,-0.5603889823,0.4070000052,2
4.3891639709,-0.5312511325,0.4070000052,0
4.3891639709,-0.5312511325,0.4070000052,1
4.3891639709,-0.5312511325,0.4070000052,0
4.3891639709,-0.5312511325,0.4070000052,0
4.3891639709,-0.5312511325,0.4070000052,0
4.3891639709,-0.5312511325,0.4070000052,0
4.3891639709,-0.5312511325,0.4070000052,1
4.3891639709,-0.5312511325,0.4070000052,3
4.3891639709,-0.5312511325,0.4070000052,1
4.3891639709,-0.5312511325,0.4070000052,0
4.3891639709,-0.5312511325,0.4070000052,2
4.3891639709,-0.5312511325,0.4070000052,1
4.3891639709,-0.5312511325,0.4070000052,0
4.3891639709,-0.5312511325,0.4070000052,0
4.3891639709,-0.5312511325,0.4070000052,1
4.3891639709,-0.5312511325,0.4070000052,0
4.3891639709,-0.5312511325,0.4070000052,0
4.3891639709,-0.5312511325,0.4070000052,1
4.3715014458,-0.5361621976,0.4070000052,3
4.2380857468,-0.571819067,0.4070000052,1
4.0828046799,-0.6027696729,0.4070000052,0
3.9082725048,-0.6232276559,0.4070000052,0
3.7356052399,-0.6301303506,0.4070000052,1
3.573390007,-0.6291826367,0.4070000052,1
3.4048922062,-0.6179791093,0.4070000052,2
3.2426030636,-0.5785592198,0.4070000052,0
3.1602413654,-0.5885384679,0.4070000052,1
3.0103013515,-0.5342357755,0.4070000052,1
2.8681368828,-0.4604738951,0.4070000052,1
2.7441058159,-0.3916499019,0.4070000052,0
2.6229662895,-0.3431310356,0.4070000052,1
2.5328133106,-0.3271485567,0.4070000052,0
2.4274163246,-0.3560827672,0.4070000052,2
2.4094016552,-0.421649754,0.4070000052,0
2.4305455685,-0.3688457608,0.4070000052,2
2.4305508137,-0.3688292205,0.4070000052,0
2.4305508137,-0.3688292205,0.4070000052,0
2.4252851009,-0.3827800453,0.4070000052,0
2.3695912361,-0.4952173829,0.4070000052,2
2.3280448914,-0.5374546051,0.4070000052,1
2.2501926422,-0.6070463061,0.4070000052,1
2.1811475754,-0.7052571774,0.4070000052,1
2.070141077,-0.7544248104,0.4070000052,0
1.9612677097,-0.7986388206,0.4070000052,1
1.8595397472,-0.8391951323,0.4070000052,1
1.8138698339,-0.8714883327,0.4070000052,1
1.7661389112,-0.9586535096,0.4070000052,4
1.7110404968,-1.0282560587,0.4070000052,0
1.6976933479,-1.0771120787,0.4070000052,0
1.6765978336,-1.1996752024,0.4070000052,1
1.6596010923,-1.3122912645,0.4070000052,1
1.656832695,-1.4246861935,0.4070000052,1
1.6846032143,-1.5432646275,0.4070000052,0
1.7107114792,-1.6389440298,0.4070000052,0
1.7515727282,-1.7569476366,0.4070000052,2
1.7941025496,-1.8716646433,0.4070000052,1
1.817568779,-1.9297025204,0.4070000052,3
1.8291451931,-1.9778627157,0.4070000052,2
1.8217728138,-2.0553758144,0.4070000052,0
1.7573134899,-2.115288496,0.4070000052,0
1.6543822289,-2.1099426746,0.4070000052,1
1.567019105,-2.045879364,0.4070000052,1
1.5331238508,-1.9731451273,0.4070000052,0
1.5011409521,-1.8716123104,0.4070000052,2
1.4670059681,-1.738060236,0.4070000052,1
1.4385740757,-1.5924578905,0.4070000052,0
1.4206417799,-1.4250597954,0.4070000052,2
1.4274221659,-1.2418941259,0.4070000052,1
1.4839646816,-1.0720211267,0.4070000052,1
1.6211700439,-0.91560179,0.4070000052,1
1.7369107008,-0.809900105,0.4070000052,1
1.889171958,-0.7220276594,0.4070000052,0
2.0427556038,-0.6428259015,0.4070000052,2
2.1987576485,-0.5712748766,0.4070000052,1
2.3272254467,-0.5046392679,0.4070000052,0
2.4610242844,-0.4440909326,0.4070000052,0
2.6017627716,-0.3590020239,0.4070000052,1
2.7174742222,-0.2527399361,0.4070000052,0
2.7667827606,-0.1230972856,0.4070000052,0
2.8712522984,-0.0752352476,0.4070000052,0
2.9775402546,-0.0815183222,0.4070000052,0
3.0619661808,-0.1613289416,0.4070000052,0
3.0637714863,-0.2884101272,0.4070000052,1
3.0424571037,-0.320674628,0.4070000052,0
3.0422036648,-0.3376238346,0.4070000052,0
3.0422036648,-0.3376238346,0.4070000052,0
3.0422036648,-0.3376238346,0.4070000052,0
3.0422036648,-0.3376238346,0.4070000052,1
3.0422036648,-0.3376238346,0.4070000052,1
3.0422036648,-0.3376238346,0.4070000052,1
3.0422036648,-0.3376238346,0.4070000052,1
3.0422036648,-0.3376238346,0.4070000052,1
3.0422036648,-0.3376238346,0.4070000052,2
3.0422036648,-0.3376238346,0.4070000052,1
3.0422036648,-0.3376238346,0.4070000052,2
3.0422036648,-0.3376238346,0.4070000052,0
3.0422036648,-0.3376238346,0.4070000052,3
3.0422036648,-0.3376238346,0.4070000052,2
3.0410015583,-0.3394438624,0.4070000052,0
3.0430083275,-0.334179312,0.4070000052,3
3.0485253334,-0.2974027693,0.4070000052,0
3.0200269222,-0.2432920635,0.4070000052,0
2.9969732761,-0.2395202219,0.4070000052,0
3.1550047398,-0.2946757376,0.4070000052,1
3.2835769653,-0.3451523483,0.4070000052,0
3.4436786175,-0.4013149142,0.4070000052,1
3.5824182034,-0.4363238215,0.4070000052,1
3.7427954674,-0.5714042783,0.4070000052,0
3.8444218636,-0.7389622927,0.4070000052,0
3.9484815598,-0.9052814245,0.4070000052,0
4.0282673836,-1.0721313953,0.4070000052,0
4.1041827202,-1.2364040613,0.4070000052,1
4.1800222397,-1.4040702581,0.4070000052,0
4.2632689476,-1.5124742985,0.4070000052,1
4.3921489716,-1.5822997093,0.4070000052,0
4.5808110237,-1.6179020405,0.4070000052,1
4.6734442711,-1.55871737,0.4070000052,2
4.6802787781,-1.5599805117,0.4070000052,0
4.6757779121,-1.5591520071,0.4070000052,0
4.5409631729,-1.5346465111,0.4070000052,0
4.3965625763,-1.5075397491,0.4070000052,1
4.4377441406,-1.5274674892,0.4070000052,0
4.4806890488,-1.5839282274,0.4070000052,0
4.4750070572,-1.7492307425,0.4070000052,0
4.5394415855,-1.8169174194,0.4070000052,2
4.5386824608,-1.8918173313,0.4070000052,1
4.4784669876,-2.0045106411,0.4070000052,0
4.4028420448,-2.0682454109,0.4070000052,0
4.4609603882,-2.0767140388,0.4070000052,1
4.6010837555,-2.0832211971,0.4070000052,1
4.607208252,-2.0800180435,0.4070000052,1
4.6227822304,-2.0798296928,0.4070000052,0
4.6227822304,-2.0798296928,0.4070000052,0
4.6227822304,-2.0798296928,0.4070000052,2
4.6227822304,-2.0798296928,0.4070000052,5
4.6227822304,-2.0798296928,0.4070000052,2
4.6227822304,-2.0798296928,0.4070000052,0
4.6227822304,-2.0798296928,0.4070000052,0
4.6227822304,-2.0798296928,0.4070000052,1
4.6227822304,-2.0798296928,0.4070000052,0
4.6227822304,-2.0798296928,0.4070000052,1
4.6227822304,-2.0798296928,0.4070000052,0
4.6227822304,-2.0798296928,0.4070000052,0
4.6227822304,-2.0798296928,0.4070000052,2
4.6227822304,-2.0798296928,0.4070000052,1
4.6137433052,-2.0799651146,0.4070000052,0
4.5394492149,-2.0813016891,0.4070000052,2
4.5159883499,-2.081666708,0.4070000052,0
4.5162348747,-2.0816626549,0.4070000052,0
4.5166225433,-2.0816550255,0.4070000052,0
4.5056648254,-2.0820300579,0.4070000052,2
4.4924945831,-2.0825958252,0.4070000052,2
4.5066814423,-2.0817148685,0.4070000052,1
4.5962982178,-2.0763008595,0.4070000052,2
4.5664758682,-2.0788404942,0.4070000052,2
4.6124725342,-2.0553898811,0.4070000052,0
4.6539530754,-2.0041584969,0.4070000052,0
4.6522459984,-2.0022089481,0.4070000052,1
4.64311409,-2.0043373108,0.4070000052,0
4.6573672295,-2.0153326988,0.4070000052,2
4.6622691154,-2.0332927704,0.4070000052,0
4.663807869,-2.0567896366,0.4070000052,2
4.6643538475,-2.0600185394,0.4070000052,3
4.6650247574,-2.0645103455,0.4070000052,3
4.6659474373,-2.0718364716,0.4070000052,0
4.6722097397,-2.1499912739,0.4070000052,0
4.6720333099,-2.1992549896,0.4070000052,0
4.6668925285,-2.2728319168,0.4070000052,1
4.6630978584,-2.3090724945,0.4070000052,1
4.6545066833,-2.3883459568,0.4070000052,2
4.6540789604,-2.3919980526,0.4070000052,0
4.6548042297,-2.385850668,0.4070000052,2
4.6792473793,-2.25411129,0.4070000052,2
4.6793003082,-2.2536270618,0.4070000052,2
4.6585559845,-2.3485453129,0.4070000052,1
4.6142454147,-2.4281527996,0.4070000052,2
4.601796627,-2.4486219883,0.4070000052,1
4.5708141327,-2.5114600658,0.4070000052,2
4.5599684715,-2.5543365479,0.4070000052,2
4.5833363533,-2.4478127956,0.4070000052,2
4.6170830727,-2.2945287228,0.4070000052,1
4.6468977928,-2.1631383896,0.4070000052,1
4.6384925842,-2.1966450214,0.4070000052,0
4.5763316154,-2.3504867554,0.4070000052,1
4.5140585899,-2.3212714195,0.4070000052,0
4.4359917641,-2.4680268764,0.4070000052,5
4.3458123207,-2.6128139496,0.4070000052,3
4.2591614723,-2.7273716927,0.4070000052,0
4.2075490952,-2.7665421963,0.4070000052,2
4.2747583389,-2.7746026516,0.4070000052,3
4.2521529198,-2.7847669125,0.4070000052,1
4.226231575,-2.7935240269,0.4070000052,2
4.192425251,-2.8010807037,0.4070000052,0
4.1919345856,-2.8011515141,0.4070000052,2
4.1676540375,-2.80838871,0.4070000052,0
4.1311578751,-2.8136677742,0.4070000052,0
4.1144518852,-2.8154509068,0.4070000052,2
4.0943875313,-2.826158762,0.4070000052,1
4.0586504936,-2.8459994793,0.4070000052,2
4.0210213661,-2.867503643,0.4070000052,1
3.9817109108,-2.8903372288,0.4070000052,4
3.9465529919,-2.9106881618,0.4070000052,3
3.912091732,-2.9310543537,0.4070000052,3
3.8754861355,-2.9534752369,0.4070000052,8
3.8317000866,-2.979186058,0.4070000052,3
3.7578139305,-2.9768946171,0.4070000052,4
3.6768040657,-2.9972500801,0.4070000052,4
3.6714355946,-2.9974081516,0.4070000052,7
3.7018120289,-2.9929671288,0.4070000052,7
3.7013773918,-2.9930365086,0.4070000052,4
3.7003686428,-2.9932556152,0.4070000052,7
3.6712787151,-3.0025451183,0.4070000052,7
3.6306774616,-3.0148537159,0.4070000052,4
3.5922191143,-3.0266258717,0.4070000052,8
3.5509262085,-3.0391490459,0.4070000052,7
3.5108408928,-3.0511598587,0.4070000052,7
3.4758250713,-3.0610527992,0.4070000052,11
3.4420742989,-3.0695168972,0.4070000052,14
3.4089431763,-3.0770180225,0.4070000052,3
3.3729290962,-3.0841178894,0.4070000052,13
3.341283083,-3.0893771648,0.4070000052,21
3.2955653667,-3.0919325352,0.4070000052,10
3.2760658264,-3.130136013,0.4070000052,9
3.3090422153,-3.1280987263,0.4070000052,18
3.3077135086,-3.1283848286,0.4070000052,9
3.457444191,-3.1122403145,0.4070000052,12
3.4574792385,-3.1122322083,0.4070000052,6
3.4569776058,-3.1123473644,0.4070000052,10
3.449924469,-3.1139626503,0.4070000052,15
3.4292163849,-3.1185832024,0.4070000052,14
3.3773782253,-3.129181385,0.4070000052,14
3.3132412434,-3.1376595497,0.4070000052,10
3.2479505539,-3.1441295147,0.4070000052,8
3.1824390888,-3.149941206,0.4070000052,9
3.1190655231,-3.1554994583,0.4070000052,11
3.0514740944,-3.1613469124,0.4070000052,15
2.983217001,-3.1672296524,0.4070000052,15
2.9140946865,-3.1730356216,0.4070000052,5
2.8438262939,-3.1784803867,0.4070000052,6
2.7685756683,-3.1838181019,0.4070000052,8
2.6822035313,-3.1740424633,0.4070000052,9
2.5943369865,-3.1435830593,0.4070000052,10
2.4696366787,-3.1535236835,0.4070000052,5
2.4148855209,-3.110742569,0.4070000052,4
2.365265131,-3.0668530464,0.4070000052,6
2.3683350086,-3.0318562984,0.4070000052,6
2.3683497906,-3.0318713188,0.4070000052,5
2.3683497906,-3.0318713188,0.4070000052,4
2.3683497906,-3.0318713188,0.4070000052,1
2.3683497906,-3.0318713188,0.4070000052,1
2.3683497906,-3.0318713188,0.4070000052,4
2.3683497906,-3.0318713188,0.4070000052,6
2.3683497906,-3.0318713188,0.4070000052,6
2.3683497906,-3.0318713188,0.4070000052,6
2.3683497906,-3.0318713188,0.4070000052,4
2.3683497906,-3.0318713188,0.4070000052,7
2.3683497906,-3.0318713188,0.4070000052,6
2.3683497906,-3.0318713188,0.4070000052,10
2.3683497906,-3.0318713188,0.4070000052,7
2.3683497906,-3.0318713188,0.4070000052,6
2.3683497906,-3.0318713188,0.4070000052,6
2.3683497906,-3.0318713188,0.4070000052,8
2.3683497906,-3.0318713188,0.4070000052,6
2.3683497906,-3.0318713188,0.4070000052,3
2.3683497906,-3.0318713188,0.4070000052,2
2.3683497906,-3.0318713188,0.4070000052,2
2.3683497906,-3.0318713188,0.4070000052,4
2.3683497906,-3.0318713188,0.4070000052,6
2.3683497906,-3.0318713188,0.4070000052,5
2.3683497906,-3.0318713188,0.4070000052,5
2.3683497906,-3.0318713188,0.4070000052,6
2.3683497906,-3.0318713188,0.4070000052,1
2.3683497906,-3.0318713188,0.4070000052,8
2.3683497906,-3.0318713188,0.4070000052,3
2.3683497906,-3.0318713188,0.4070000052,7
2.3683497906,-3.0318713188,0.4070000052,1
2.3683497906,-3.0318713188,0.4070000052,5
2.3683497906,-3.0318713188,0.4070000052,3
2.3683497906,-3.0318713188,0.4070000052,4
2.3683497906,-3.0318713188,0.4070000052,7
2.3683497906,-3.0318713188,0.4070000052,7
2.3683497906,-3.0318713188,0.4070000052,4
2.3683497906,-3.0318713188,0.4070000052,3
2.3683497906,-3.0318713188,0.4070000052,6
2.3683497906,-3.0318713188,0.4070000052,5
2.3683497906,-3.0318713188,0.4070000052,10
2.3683497906,-3.0318713188,0.4070000052,1
2.3683497906,-3.0318713188,0.4070000052,5
2.3683497906,-3.0318713188,0.4070000052,4
2.3683497906,-3.0318713188,0.4070000052,4
2.3683497906,-3.0318713188,0.4070000052,5
2.3683497906,-3.0318713188,0.4070000052,4
2.3683497906,-3.0318713188,0.4070000052,5
2.3683497906,-3.0318713188,0.4070000052,10
2.3683497906,-3.0318713188,0.4070000052,5
2.3683497906,-3.0318713188,0.4070000052,2
2.3683497906,-3.0318713188,0.4070000052,7
2.3683497906,-3.0318713188,0.4070000052,5
2.3683497906,-3.0318713188,0.4070000052,5
2.3683497906,-3.0318713188,0.4070000052,6
2.3683497906,-3.0318713188,0.4070000052,6
2.3683497906,-3.0318713188,0.4070000052,3
2.3683497906,-3.0318713188,0.4070000052,4
2.3683497906,-3.0318713188,0.4070000052,3
2.3683497906,-3.0318713188,0.4070000052,8
2.3450636864,-3.0085701942,0.4070000052,5
2.2685644627,-2.9319961071,0.4070000052,5
2.2419514656,-2.9037108421,0.4070000052,4
2.1795136929,-2.8308663368,0.4070000052,3
2.142210722,-2.7768871784,0.4070000052,8
2.0926969051,-2.7014791965,0.4070000052,3
2.0639946461,-2.65776968,0.4070000052,4
2.0926713943,-2.7012813091,0.4070000052,2
2.1763730049,-2.8277356625,0.4070000052,6
2.19896698,-2.8605036736,0.4070000052,4
2.2071311474,-2.8757829666,0.4070000052,3
2.0473988056,-3.0144562721,0.4070000052,3
1.9561439753,-2.9649705887,0.4070000052,4
1.8723788261,-2.9100522995,0.4070000052,4
1.7909920216,-2.8451321125,0.4070000052,2
1.7337018251,-2.7762184143,0.4070000052,2
1.878852725,-2.7686536312,0.4070000052,1
1.8470211029,-2.6335883141,0.4070000052,4
1.8560323715,-2.6216990948,0.4070000052,1
1.8262587786,-2.5438139439,0.4070000052,1
1.7975503206,-2.4694154263,0.4070000052,1
1.7633140087,-2.3903710842,0.4070000052,1
1.7122727633,-2.2639312744,0.4070000052,2
1.6576352119,-2.1212370396,0.4070000052,3
1.6105564833,-1.9571545124,0.4070000052,0
1.5880826712,-1.8035488129,0.4070000052,0
1.5746514797,-1.7072496414,0.4070000052,0
1.5768653154,-1.5513943434,0.4070000052,0
1.5865689516,-1.3939738274,0.4070000052,0
1.5961992741,-1.2697753906,0.4070000052,0
1.5818532705,-1.2011117935,0.4070000052,0
1.5286768675,-1.1958568096,0.4070000052,1
1.4673817158,-1.1851241589,0.4070000052,0
1.2607661486,-1.2282083035,0.4070000052,1
1.0996197462,-1.207228899,0.4070000052,1
0.9630525708,-1.1776642799,0.4070000052,1
0.8367444873,-1.1533436775,0.4070000052,1
0.6758333445,-1.1204676628,0.4070000052,1
0.6702443361,-1.1310107708,0.4070000052,0
0.5050532818,-1.083733201,0.4070000052,1
0.3710270524,-1.0488475561,0.4070000052,0
0.2314688414,-1.0268149376,0.4070000052,0
0.0554312803,-1.0226584673,0.4070000052,3
-0.1454203576,-0.9979800582,0.4070000052,1
-0.3167722523,-0.8786460757,0.4070000052,0
-0.4209116101,-0.730579257,0.4070000052,0
-0.4582333863,-0.531647265,0.4070000052,1
-0.4713634551,-0.3642424643,0.4070000052,0
-0.4889388084,-0.1526494771,0.4070000052,0
-0.4401825964,0.0986215472,0.4070000052,0
-0.3474607468,0.1946685612,0.4070000052,2
-0.3123166263,0.2096022218,0.4070000052,0
-0.4170638621,0.1468164027,0.4070000052,1
-0.4995607734,0.1005547494,0.4070000052,0
-0.4079148173,0.1116603836,0.4070000052,0
-0.2610993385,0.1276193261,0.4070000052,0
-0.1648944169,0.1256005764,0.4070000052,0
-0.0582430363,0.1184411123,0.4070000052,2
-0.0118313087,0.1142539009,0.4070000052,1
-0.0609132461,0.1180994883,0.4070000052,1
-0.0973889455,0.1208776012,0.4070000052,0
-0.0153367165,0.1034945473,0.4070000052,1
0.1074059233,0.0743309334,0.4070000052,0
0.2026153803,0.0509892441,0.4070000052,2
0.1129569039,0.0731511414,0.4070000052,0
0.0772660226,0.0819673911,0.4070000052,1
0.1670571566,0.0521550365,0.4070000052,0
0.1996231675,0.0397899002,0.4070000052,1
0.0487377197,0.0655726567,0.4070000052,1
0.0668509826,0.0601420701,0.4070000052,1
0.0722554028,0.0586600974,0.4070000052,3
0.0652539805,0.05997888,0.4070000052,1
0.1040041819,0.0572764277,0.4070000052,0
0.1642922461,0.0523078889,0.4070000052,0
0.1988259107,0.0512330011,0.4070000052,0
0.2599323094,0.0489337929,0.4070000052,3
0.1742254794,0.0527958646,0.4070000052,0
0.2528375089,0.0497606844,0.4070000052,1
0.356146723,0.0544829145,0.4070000052,1
-0.0093222484,0.0985974073,0.4070000052,2
0.0149279926,0.1001192555,0.4070000052,1
0.0322349146,0.1031801477,0.4070000052,1
0.0357484147,0.1066251025,0.4070000052,3
0.0558140464,0.1074597687,0.4070000052,1
0.0722284317,0.1088109389,0.4070000052,0
0.0714512691,0.108759284,0.4070000052,1
0.0714512691,0.108759284,0.4070000052,0
0.0714512691,0.108759284,0.4070000052,3
0.0714512691,0.108759284,0.4070000052,1
0.0714512691,0.108759284,0.4070000052,0
0.0714087188,0.1087563634,0.4070000052,0
0.0714087188,0.1087563634,0.4070000052,2
0.0714087188,0.1087563634,0.4070000052,2
0.0714087188,0.1087563634,0.4070000052,0
0.0714087188,0.1087563634,0.4070000052,1
